5761.3
5947.6
5903.8
5761
5675
5719.1
5502.4
5402.4
5525.2
5529.4
5644
5310.4
5447.8
5316
5151.8
4947.9
5056.6
5344.6
5218.2
5288.6
5058.6
5222.1
5681.7
5451.2
5774.9
5773.67
5861.9
5898.5
5551.6
5388.6
5298.1
5505.02
5296.8
5624.6
5623.1
5382
5473.8
5470.8
5403
5415.4
5205.1
5353.1
5314.3
5420.3
5217.7
5125.3
5035.7
4775.4
4914
5168.6
4979.9
5120.4
4901
4664.6
4518
4535.4
4406.3
4339
4289.4
4135.5
4133.7
4467.2
4420
4388.1
4325.7
4111
4184.67
4360.5
4070.1
4369.9
4500.5
4659.8
4788.9
4899
4928.6
4923.6
4849.9
4846.9
4676.4
4733.4
4636.9
4438.8
4507.4
4324.8
4453.6
4833.9
4893.1
4651.1
4596.9
4882.7
4715.5
4646.9
4739.3
4484.1
4249.5
3947.8
3813.3
3744.7
3532.3
3296.9
3478.1
3659.3
3672.7
3982.7
4631.3
5215.5
5052.6
5332.8
5773.9
5656.9
5409.7
5674.7
5697
6421
6593.6
6779.1
6580.9
6248.3
6187.5
6310.6
6341.8
6158.3
5978.8
5816.5
5757.7
5644.3
5461.6
5352.9
5113
5079.8
4957.1
5034
4972.3
5207
5087.2
4878.4
4880.2
5644.3
5461.6
5352.9
5113
5079.8
4957.1
5034
4972.3
5207
5087.2
4878.4
4880.2
4053.1
3942.8
3786.3
3674.7
3561.9
3546.1
3530.3
3456.9
3407.7
3416.4
3372.5
3283.6
3306
3195.7
3282.4
3176.2
3202.9
3106.7
2999.7
2979.8
2970.9
2848.6
2778.4
2935.4
